$ANSIBLE_VAULT;1.1;AES256
61333234396334393930396331363462313631333434636238346161393562313662616266363235
6463393863353732356665313935393935366430623261350a326332636230666263366631613734
62323531663063643437313561623239373838636439333736363436666464323932623333643634
6362313965643263340a313436323933313665336332303864643762616561363262336433613034
34356261646439616463353664643966653739356464326364353836626238663934626432393631
38666462343430313938613366323061396237653164376335383035353037623763383337653463
39383734326330353534363131383235336239383365323135653131346535623865333365386531
31613130356261636434613063643838386334343165653332323836366536626631343865653765
61376333326639643965313537663530353065386265343034353662386531623030646133303565
38363139303363333236356363346439333365326565316130303436386532383939306461663637
38336332333161353462393631323362346634396266333734653338393938643732353035373030
36633737363231323631636338373038393266626336323564616233633533363630366631376233
64333564623466333364366338316338633533306365636230383266316133653766393764323062
39363262316435383032323738356634316630386432373965646462633361313132373338306431
33646664393939353033353936313634636435636266386364306533333139656134373663626431
35346263326434373765376161383834373166393136613333616461653830366632353639646666
31626133336638323131303734333735303438316238366661396562656466336131613637383636
66393562306433613539333537383063633938666439346135656232383462303164616661393132
35646539303436316266643162393564643734336233323563393561353964623133303538613930
63656434316530396462306139353932613130663866626564306231313662313630303131383962
37336165313331633730356332623530623365393931366335333130663061613139313534393832
66653530373037613732393831396466623131336264333964663965363963643262303535343563
66323533303133336634663939366561363537643863343962343866346231616534666331633064
36646435393132326239363664623265613134633264353363656232323065386461363030393366
62313036353066303032653539663864346132346139313539643039636165626538633861656137
6335333737393338643638616536353564323965663232333266
