$ANSIBLE_VAULT;1.1;AES256
32376462636631333435353864343135343639376364326437363462346439613639333939626339
6639323131636339616333313963363964626331316135350a666565643966633365656136623135
66373735373333666632656566346461363464653637646133303264666165653335666464356662
3632653337666161630a393235323938636633393364623538653463343333653962373239636434
30383966646364633330623565376262303436353133653830333966386134393135383939666638
64336661373838323530343032376630663666313138623637346530633461643464336236386232
30393764396137303963643430303337646230356265383963363433313833613230626139343734
64333665386232323161323966336638636232306434346639333731383730343864303633653234
62393630346335666335326230383631356363636138336538353864303566393863336236326162
34623761373865376661323863386435313265633731383531336363323036363866623835383533
39393666656231353733363238633539356363333339323362633431336366343935653335636366
63656466336338353262343136356361613565616165396432393963623765303264396236356664
38393462396262613336383034346239396536316634383464303738346463623634343561633035
30666431386165323231623062643431663966383261616162623635316162636332366535653336
62346165653965613264393832363265336135633463363066336332383830626432643032346437
64363766313364626634316137643830613634643535613966656264336264613162393339336538
66373137363061323931656230366334623366656433663538316462633162306137663832306138
31613662373664653061363638313532333039306139373936666165613136646636396136326165
37623263326434386165666439633830646436353865626562646465363066643738633239346437
62336333306631633230646236353432303962616133323731366266626633663461333733336166
61373833643561663933343262313532316566316536613665383637633564643330323535313731
63623736373963666636616564613639636365356563326665386464313762383063656530643436
62363861663662353938656637653632373338643661336161613233333963373831333964366565
33383366313361353132303965613437333538396331316639313633636236646432363532356336
35343933343730656139616466366638386234396636306263636632323462663531
