$ANSIBLE_VAULT;1.1;AES256
30393331376637663231663563333433383634326136336331653931653530376136363961396337
3730353230646533343766666163326566633038353161660a613830653461393439356464376162
32333066373562613734383536313130373937393935336633343662653365383834306663636332
3566333063663439650a636639393233643963646466306431646662326563363530343836336162
38613637643031303462663237643461333665326532666163616631353831343962613734376632
38646166346666386263653531626265666437343962643533373030663366363165646135373934
38343133336335363030333735636563306665363465306564653930323636356532363630326532
35653761303238376532333562323337313861323235663762346563313935653535353462353966
62346162326332633339333465666666643234383332616430343034643565353838636132373636
32343631303031383138626238313534303334343630636331306535366361643933313030346137
37306339303639313338333433396438663932343533353831333730396364663864646130353039
32326561343131633363343437366462663366303862636239333335613666383563333634376437
30656235386338353665306261336338633666316234353734616262653738393039656266633433
36376131323261353539313835343062356239656236656537396436313730336237353261323734
32626362643739343330366236363231613431643464356136313532343631613834333266626430
64323639646631633365366539623436636335333739356463653266653961633034393963656335
36376463643232663637376534393233346662613337393036623164353231626131323535636564
64313565393735636538353233633137653565326339316133356636393566616337376531386566
61623139306530636264373331633837313738616164653164343838663833353561366366396566
31353361343763393362333330633038623966356231643536336438663832643766316562336130
34653561356131346166396461643665313639376562333235346562653765356536666461366136
66326566656237643364313532623432373630346630613832613533316364376337303733643666
31303366306536333738363865313235383737663334636535623665343637343134616330643662
34396263626661656638316437646264373666616534646533663635316331363937343561623336
31303762393736663333626437353439353736383365323930613862656133666634
