$ANSIBLE_VAULT;1.1;AES256
37666265326439613461616162616335393731393462323062623161323261323733633631306164
6233306336336135633066616432393538616132366631380a343534356634323034356238376531
63653630366530343132643337663731663864393330626433383463303339353036323766323864
6536343666356530390a306637313765343633616631626463323538323366303935613265633664
32626435333635353730383732303633343764613163613631336638396233633637306436386330
66303564363538333730306633653465656438653661653134343865623836343536313961353437
37613238383330363936316563316364336261633166353463353536313039626636643761383038
31323164376362653661346461356631353763626439376563356263613636316364356537633231
62386534336564643731356131396230643137653136383663636163323665373333613666386665
30396436363031343032643966313434633833396138343662383634643437393666316331666639
62646565343535623362653633313365643530333035386561353638396631636662376538343862
66303461663564656366613939623632666161373066373335386563333262343862643564666466
66626531396664353164326634383337616466396661386664383163343833336562633337636565
63363638303832393762353263336638306634363865616537643234303534653166366531383263
36616564343731656630333238613534313937643234623662663038616164666165626635623434
66336138656638626433333333326563393434393637633239333065353039633166613562326163
61623934303262313064373539326661363435346136623535643266623933626162336137336463
34626566613964316532393031313061303632623030393033336131393533366364376133643631
33653264393131326634396631393230393465663537613338326231643234383830363138616265
62646137326264303064363064363639646261303231333030393334343737646132356134633435
39636631666262346163316237343731343830393535623032363765626464643330316163353732
34646564613338336236656165323237363736363735366262623338303564366432303536323138
32333332353663323037653831366464363832636361626238343230303439333238346132346463
30303366313631633939346437343561363566333663313236653433373731313638666337653835
31616237326264383333653734323263353933616465356665636339643164656663396135333264
36656663653631336266303833623762306366396634333538336639343562663961346237303062
32366531343966386533633734386162653065386335626236386638373438393632656161356234
35393864656530303336373132643733616362663335376632376531316666316436326439363261
39653930616530323536303433663461396664333832366136393631623032356131313534386662
38663763666565626131643835646230356133633639303030643165323536303635393863666663
32386535346365623434316162643631303565356336613830303230386364333263663463316365
35653532626165353737356461393166633836333765313339386336356461386361623939323165
66376238616465343436373032363337663665366633373736396564656564656363303536636632
30303265666436393366363731616135623564626265393265626163373030386263313737366631
63383463623038623035656464326364303433343465666235646435643133633536643065376161
65393665333137356466303136626334326235363930373437393035366166393361633365303533
66363930663966626364373834343265663738643835663930326130356661386538616461376139
66393962373339643731383934363962653538613831383933643938333661366532366536386431
65323637633737313065373463393031643236363130633337633235386530373836323934663930
61653636626665646137383330326334333439353039613438396239316139373430313762666139
36663636643531323135336263666262643039613465663235386562336231613631383161316361
35373464646536666362626630623035653532316263373635356130333161326134313733306135
39613866393863323563303563376633326335626530663464376637396338613737633535386135
36326330393737323564373134373365313431383131643239396536623830633731396436353233
38643463626135363565616463373665353637386333343562386665343462653839613738613932
36333962393435363532636261663233306664623735613463373732343862653464333162613466
30626239396534356331323064646465613832306135383566326463633466653638623030616565
63336132373265396235306462656434396239393131656232386332646335363462626664653438
35353138613531646364326639633537363332313437376430646266376437383436336261363766
30383636653461623033363364353765316538393636396332636333336464636537326632626531
34393962363939373662356265373238313631326135653234323230323631346437613066643232
36353734663234346166393966313530366236613939393137346335343831656661653337663931
66616136363665626266393939656238373865616566663835343830313566353566626330653939
38343961616663326336656563616136626164383637373736373563643936306532623339343233
61343435333465666133666132383064366132613539313138353233303166373366373838386561
38646436613835666439
