$ANSIBLE_VAULT;1.1;AES256
38323137613363323638323537373034383765303163306565626462643063316265303132316230
6562323632363136616534636330336333333262623836660a326566653432326535616639663131
34623337393635316463303236663634653963363533323438623261383764633432633461373265
3161313031626130340a396238323333643666393238303434393262616638626235643365646261
36613666643531366632623738363065636230333961613031613432646635393163633566353139
65623430623161656632333866633837353966346136666664383936363738356332366535613063
30316365326234643430313637666563643465386535323862343036343738663365643864326665
65303130653264396436643166396632363036326363616337363630613262303432666162353662
61396335303838623631396233353731623865353539306264343164386637386264636435663731
61396330306165663335613537653735323265633930663231613961666534613662636633613134
31646432373833353732396561626664336135646632346433623630636632663238623062393066
63623036366235383632663833303461306239633837343136383930313666626265613632303066
32633763343733393130353535613930643537393866306136336538363936636262626234393135
66613132653662316436353432316366306134303164366163303535333138646234366564313166
30356132643234353630396231653937316533303438376534646464353037306133613462316365
38653963613636356536363764396133313739643030616433336532313637373134386566386230
39313632636138333262343937633162316664646235653036643665623834333866633565396162
66326234396261336662643832306334386230366234353662326634343464656239356261666561
326332396362363637356361313361653061
