$ANSIBLE_VAULT;1.1;AES256
31633739356435636532666561366331333263663439313731356239663433653936363733396563
3538383339356531326539653233663361333537353432310a356662396535356434396532643762
65356337346662373338633131643266653236626231343331343735386435343466383739363638
6665666535383431340a316335303239623233323835336437356535323339343136343339393363
38343362303738656239346263623537623339303930333634616634613265626564613837653739
37663933633334353730303831313961666436366565313736353264313263333065303431356265
30616238303565313565353431336535353033316535353235666636333930306434373762626566
64653535323131653035376533383939666266646137633032343262373261666564353835393563
63376362663364666331393932303532353634363765613436613735663561643337363339643238
37633038303333653433633665663364383964306634396161383130373365383536373432613437
35313436393432396634303836373261653235353165313335393066353561336135376638633731
38663534336366646666386130613036653034346361353763336531326434336531646237303335
33616565313164363138613364656436626565376361663063333235323037613465353465633464
30383538346164363331316430373366313561333331366336313831323137383537663262303765
37646439623139613931383262333631636265366162383738666233613130336534356564616161
63316562383564386532356161356633633466373233623535616534616162333562386330343931
34653637363938306563343731653861373962613438323835386438333863353937336665646432
35363836623464633235353233643465336331383539306131346365613966333431303633313037
66343135366135653636633338636330356431643461356430653430633064306430323864373632
34393433396138373064366464383663363234313237376564363536633039646361616531343133
37653538623133393163303366623530393437306662643739633837623232633437653535646134
63366439623432356663366466306266333861613839373137383165333464356164656337326466
61623866616563376436616232386538323430383664336465393534326636343437653031626537
34383861303164303766313164636239653862646562613566656137646434313061353232633361
62623937353237326363386632636330653539386464306631316165666337646362356366663839
38326432393139313736396165383437336530663530663162346536383237656563323831653565
61626335386130313363663363643862316437326530616662623532346632313737626266363536
62643636633930303739613064396362343864373165363033323432663264373337383661326563
64643332383331303832663730656237613231366235633762643835373030623330653638316230
61646662343766303334613233623431323136346636643033656438303564333034653933393965
64303834303930396231643038323562666561373137346239316362346364666638346164326133
66303634323261303733643239613338303136313539363264653063326561663032386630393862
61626362626636373534333239326662393232336534383136663066336366333763663261393738
63366637646436346333353766303633356661643637383332386266373364633764343265663265
62613733363231626336656236383036363837666464613038353134393966646432326632323761
33366139363331366539353465303833343736333233616130326665343837636466623730393134
32663561656439656462613834353334333531323863303763613265636330633732326164343662
39313166653865303264623961663535653930346334336661393536383563656238303137303861
66323133343236343934316330316165633862336531636431303361613735663137656136616664
30373165633930363866386137613330613432326364663430666266323962303161323837663034
36623366316234323834366539656366313064366330623461303462366439303230636230623430
30636237323035663561623736373764303138633761323130383737333333616538333831336165
39343939623061306137623962616533326265386535613338656330636638393062656230313539
31643434313838646265346339343961363732633063376439326233383861376338646562333139
66626635393435633863376664363261633061343361353661626632636331303534333664343934
30396536396539386262656166343230623162663136373134343062613966626163646130313833
65326339386165653131306262623966383538663637323363356331326164663361626339356132
37623365383133633636353232353666613235653636333536616536633565336666323335396431
32366164313534393135313232663638313732663163616634636565353565613838623461333061
37353739633434396437666133333564626431626233656130666231393161373663333736636436
32353933393665323333643534613739386634663133303635353465323330653137353631613964
62323734376465316561383434303135393835653439653336616264333337663963646362336266
61363066616661373266393664386331663933656233373730646266396430316166343566643632
38663261646239323165656638376331383865386139353236376433623932336134623931663632
35313132656463333435666336663362366533353562323935636337666165373130336461653336
36343133626164363861393839336436373164373335373435316538333930313862653262653439
62396530353139386339343463373837663936386139653035363232326439386465383638633134
38356563313330353536313636623030653063623634393431313231303966636633643233313838
61613366333332376466373861613062376562623037366139393833363036616462303432356564
37336533396363626433623036313430633031373938323839356138336263383236623464356164
33366234343361643336346535306361343438653434356461386134373230636532366637656163
36636536326266616636653062633434303433346433313365666563663431653132306636373863
34383365383332323331346331306633343838336637656366363865346234343539663665303363
37323934383564343734356264363033303062643434623932326131333361643661666238363838
62386339363338306238393936656634383636333761376436333963343538623931323237376134
62383636373839336662633830336531326566613230623930393664623161666665656562373264
64303062363130386639613235633634646561663736323134376436386434643562376662306237
36666264376437353836666332333630303630623230343939393965343161303361393736343764
62363339653033386630353762333466356638333263643033333766323333656535303534616161
61383834663439386635376264663161626264346534343935366435313237653637636430343861
31363466303366643266303465613263313336303066316432356261643066326232336465343665
36633264323538373962666232636631316565393736613964616361643137666537643139343561
63613565353233386337323231653065336334613632353137356133323239323931373334346364
38316139363762336363393238323565356632333466383137383036316233623439646265646165
36323435353063393933336435666532333134316162626261313366613139396436623561393564
64393666323963626537306132623964393934653932656432623832613035363630346334653534
34383633343563366532386235656338666439373338363262656433316163643765323236343165
64306564643136653265653739376633623861653563623139373738666466333864376161323635
30626561653039383939386135616339396330316434633237663166613764386635393435343864
63353265393638323762353961623663613462613264643638383832346439363434663166643734
65323236323866356436653333313765313332373634653839373735356666383339
