$ANSIBLE_VAULT;1.1;AES256
66333064636336303436306261306234373865613735343439333239663462616137616461643461
3433653233633532363437643363636262613163396162380a633039383834393364343935303930
33313761346135646438666636663561613062636536366164316136626332303439366235383930
6535303361623435380a666463386536363837393433323737393731623831366238363235656335
35363765623133633734376239616434356339616663343638386563363737316335326632333431
34646432326535656337313261363364636664663133333461636161343037653035376431633664
36623336316330653139383339383863313063373830356332366431343037373931313664303837
36653333363839383634333938636631663961373634656631663661333734363837656165393131
64306336306338643838383061626261316137373766623265333130383930653663616436613762
63633832656562373536376563666464313037613635663636646332333061313036323961306662
35376634633035633731653036396364656239346665643933323365326333363463333937353862
38356565313432626232393130613037313864666138623530623337623137343661653839646464
36323038353464393733366334386665643032396230313066306332346236313663616339346139
62653437376666326431343762353339656664653862303033623338313738623139376165383532
37643333366435363433336536343461393437333163393432646530613737333566396538333836
38346137396437356136396665333765313831336130376262346361666363633230393264343061
39373631383366343461343865396533376537363332333931313334396366343639383835326138
63316233323365663436353962383365376261336564633237376665653133313034636233663465
32323438333864386537613166616233656666363761393738353365666137313537636133303965
34613939633835656139363537373739383261313234353138646562373737336233343834626462
35626664396136303536303163633464666364623433656436353334326531633337353962366639
65373930623930623463303937303431663535643964303131373130373664646362646234386230
39313362633336333162363061343138323839653436303634613363616461366465653030306562
32376139653238366438336538313865316437363234663564373530623463646236656661653633
38333836336665353236646366333166383161316331383033336139323334336230613238333333
65333165333435303463353065636362363335393362383233386638636139666263303030326635
61306333353131303566353638363961653631626462653537646562313330643439333334653562
31356331613130356637306230303830636430613237343964313437356466323431396664303963
36326130653535653831323365643334333838316139383135346164323136353063356437623433
35666561353636663434323438313233333464666538366162326232333665663630306136333932
62616233636434636561633033346261323038316166653434623861373931643435303538623734
64653731303363613866333237383636636231306531616232306335386463323963326362656532
61326338386365343335626634373562346365316535313738333162386363383932646239313630
39356139336639303265353639333439656261616161633261653861353661333435396363393435
62363462643836386331393339643963623332313034323966373062643561353666653536306632
30303261643566633166303430643762633861613562393434363165323766616163333430643866
38633165396166386261343336356463353938373363353137373131353430633939636132623639
63653264656130383832313265383532366130353661326436396165626331383862306465653437
36646133663961363939383033353062343663656462616439353561323136353466303036646232
64633466373663316166636339303666396261316263303163326434333064613166333861313864
66653230366563396161613133326130326262386365346130653663633537373834353036623765
31323431346562636237303162396264353135616435303230666165393037633665396332643932
61393964336438326565653330363238313162376561373330363463613939626332356561383964
33613861373135633961613330646636383532653030653462316432663232323238613864356531
38613364376363353364653432636231396538393266366662313435363634663336343532656237
32393865303035363666623237633438326330303032316465386265316364633037346363316263
34313263323935623461653961613430326137313361326266653366633365333136356237646635
63303966383837366538313731363233613761616539303439366434343062393466643363353237
64316663326539353733336563626261636537343463373666623330613139363265616539346339
30336663326264336335313665663136663436316433383265393732646465666562333566613364
35363331373762336533613930363439623734306335633837356539386566366231373163336239
63303466643864356134346239613432396138643863313232623436353833626664653930306532
65663430656539383136663638353132616433653431666438653931353766306634643564623764
35643062626264383131313366613032656262353632663432333136636634616164346130633866
39353736623662666431386461343630656663656366366665363933663964663561653831373234
37363239656437656162303261313535336137623330316538643432613261656661653337306539
61613162386631343439373035636336623035356564343064323765363330353465343665653332
66346337626138633461343231393162306134643031336164663062623961366637643463356534
31343465623537643839633566663466366139346238313430356330653963336534633637383939
66653963623837653631303264663063643131666230303665333862613066653639626538323935
63343931656230623236666132366161383030303065326436663830653162363834353539636634
65626435633038633534376235313866303162366165343133353566653164383566633666323234
61366234656339346434373263383830373963346136343162353962383234613766363764613835
62366338336363653538346436633964613330346131663433623863333964636634316630383630
35666161663239386633363437353736323466333933303931353564363232346331356533386538
38303639613430656130363966353939383461333061386333333335653562663465326661393430
37333963323836303831316261666534336637666639306435656564376134393231646135346430
38366337393462373634646136306161303230663664383533386636316234346234646162303766
31396630343965396634396565346665303735636438363662303935346236326163666630336136
33623530666133323031633639306135333761353065666434623639643533633565343764643937
38636137373537376663646330383438306332303762313065363063626334343966373935613731
32613438663833323632666132393836663031383434363737343133316364633265326235626232
33376337383463643562646264316634356436623039396435363133663130323436616239316237
34386332303338663235643231653165616132643663653539373331393335356665376662626434
39373363666136636335383464366531376534636438636334313533666239636563343032643933
30363631653133613263663836643631366165663035643639623634343838666633643332376662
64316432313039343165653938626634336233666165663035353230626561626662643934396263
36633239313661613832373262653033373635653864623936326535633765386137663463636562
32366230323538323433313538653631616532383535383731646634363966656430386235393263
61643335353062646166383865393334386565633133353131353137343933623965393038373934
36616566646233376337656338633933313932663438326330386330633735303530376630656535
36306237646336653630646561613132393832383463616431383666383431663464613465313662
36653932343335656433333839313733663633336263643562393664653031313864363865623463
30643231313634343834383036343530373664306538363132373966316634643863383636326463
65346236613234306631326639663332623663363666656631323364636432393932353866653661
62623938616333356265643366303733386237303764623766326339646533323738613366303362
39353838346165373863636639373563346363653431616564333564646664373836333034326132
38396262386633383166363030643564383965393865336533323537386465373765616433313834
34643663646435376166613933383865323266393663656432336562653366653433616464633865
34623037376633326366623339396331633763626664666134353533333531376362346237333562
65623666666131366164616131636464356135323734346539383236623339306666636130383266
62366632383035383830396665366431343165653330366239356465333038616666313762343831
63313462646231623066643833323930323939626231633965306337363064663139396562383065
31613539323461653936663033636261393035303338656665373035653736656139666465366264
63326336356562383637356662303132663566613861313430323134383836343834633532303766
61643433656131336538363764393462376235343334353163633834653237363835316633616539
34366433646432626531623939373166363662376162656439363236373134336539346236643038
33343935653362383530663464343634336536386537623037626130366463306563343163353765
34306635363637303631623230303163326537353939666463353438313838616466333936333064
34376136303230323837616630363039616337393565383265323537663165313338363534623538
63316263366634316132633130613336336537366164663636386530383239663261323539613036
65653561353762346235376163373038333939356530393931376538333261633533363066643232
36333732333931383863303865333933323163613465613934343236356465303566646363306264
35326637306236346465393137353138616162343163313332396562643465386235333730306233
35626362653761326539333031653762393866306230366532346231313932393137333666356137
64333730313266366664646539643865343163636332623432636661353265356332383030373634
37626262393161343463316233653930643464383562666336633464363238646230393632316236
35363266656562353737636432616331623432646130323231303033356136643061323734306433
33393735613761343039333362313634313830623566363236656133613534333832643262353934
35383137653861326139356262363934333365653563363437666330323133656362383239366537
34306666656661373361633634393535633036643731393464316530326639613337336638643362
31373562663630363737623537343165353030333337633961623330343164336161323866373263
39323432646264633239636136356162666639383433663532313837353933303232373065366261
66623933393436353030336437633161646439396536366132303738623637656637616230323863
39363435613733666263373936393138303338333037663266393433356239666533366665633762
34306138643737303236333332656431613336653537346232383566376363616334343638643738
39663961613136366630666637646664313732303233346631363832336361316365663461613364
36663530316231613266333139626463393034333237623764356339613961363334393763306332
36346631313632396335313462316138343632376138306265356238383435336164366164306661
39306365363835316534356161386161656666323362336133333966313665656535333762333862
35323662376464623532613333383437353632346363343232313638626532646239333362626434
36363237633364656539366637333563393936313966396533636334633631383330623539616330
32393864643134613566393833636631666139626465333364353563353237363034306436393833
37316334306461653638636631616566373038653431336136656539306235626337373337373766
36636461366230623438383661656331323065353332373739653166626439666433
