$ANSIBLE_VAULT;1.1;AES256
35396636656532383864653833393731666339396364313439333163653862613165303963313865
6466313335386630383361386535303639346139386631620a396566626134643862313730326461
33626463643964323939356461613366346531656231396364626463376464326230653564663037
6463653837313131360a656230313030663963333438656334353930303737303965343166323539
63633635313534646631363462313033623538363463643339353166656130656363383239613461
36353862666263613230336537356531346539323063343537333362623561356665373935336238
38636431636231663039633637636131626565356266386539643539326536393431646165353338
33613336613438316135636533633065643863346562353564303130623863313463366639646463
66396534383737653939333738343037356534386362386331343666643863313261623239613235
30666461633366396439646530383664636362613136363965373139316239663361323163383334
63623430383438336166333139346136613336323863663865373866623665623732613031303233
61656330393863653663656230613265313637336334643362336137666266343732303036373865
33316161373762326163303137313438663130633664366633336336303534373239396135313561
63623765363562336635303065313732613930373338323764623365646530316438316631323530
38333864323330313132626536326265376637636132646631636636663734316435346538363964
61613032303361616466326361303638323931633466396433383862376330356536326561663031
33633731323266396332613263306634316261363139383039656532613438333639336565643064
61363861626332366137643632376433316131383736646365343566373739356135376561343933
62313331666266336666393139373434396232353064353433653062376662623938373031353038
36333432666661353334623663316161316338306135613037343838653032663336636561626665
34333565616564343932393462383631396535643166386235363364636162616232613166383234
33343963366434313430636462376537363764626634306334346537653232353364393538646330
63333637356638636566356336613437326232323631373266643363626565383533363132343331
61373734666334346331386433613934653061393639306161313863613234343564326531373836
35383334393732366361663837373333366565363230386231336366383364623535373734643936
61313561313564633735633831366537386434656334346362623461656464643135383966373939
363263633932316138313666343035643533
