$ANSIBLE_VAULT;1.1;AES256
64333931353438303935626462303765376336333930306134353662656534653830393637653230
3731343265653639626434623664343264666435343465650a313230343961336337376336393934
62393235383766623034366639353339616162313133303733663461636166643433356265363461
3834636434633162380a326438616635393732343362393138613735646436613834303630633733
31666130353032633538356563613962626135346632333565336461343531323461623365623466
39616233626531643638323137343464323734326139346663316161396665346266323331633532
36356462646530396532313734663831643564313333326463363932393237343432316264366331
37383265313038353133346637373831363838616361353463383338386335353735396332333639
39383861643762333564356635306238613133643962646166303965383634643932363236303263
61613463313634633137343137326361366633396437323030336131386138623437653566333735
61386535613964623931316462623961616137633133396239643833396562636565613938343331
62383138636139363039643636653962393863306465666562633639623538383763346133336665
34623433373131396663383336363462653332393234653665653962333739636636303564323138
35383434316439356430373230316638346537663866353262326366633130333662346665663834
39343439656232653535393037316233616361326463353736353234326533363033633661313136
39343866616335656662663234303037626365613761623039363636613361393065323061343931
37373436653934643635366333633863613131323766306639363836376135336161363861613066
32363033373237373638633839343663633232323831363335626661623530656465313861383966
65646164316562643430303562636133373661666437393037353534636661393139636333336236
35663830663339343039643535653464306666356564353235613434666566383463373235373964
63623264656265323437386230343061633839616437646532343436333461633234623263613761
33353562323864366664623030666231366539303330633038616664643736343164626535643135
35303164623461663835303361336663656536336262626438386362346561393536363164303362
30313839643539663236363435653230303139346262313533353530643166343564333035653061
35653539633662643531343665303061663863616431633031306662653764356663
