$ANSIBLE_VAULT;1.1;AES256
31383135346262323332353763326362306264626436383962343663383032333436303739663130
3161666237633834336265363265346633336131336664360a653937616236376139666638386666
39666336636135386334376261353666366263626133626133306233666434633238316431636363
3032376536363333310a623362316135353865613861376463333031396263373537333263656532
36663935363333643730643963666665376430386165663332343861623435613133363532623237
35653138613038393530353139383739373632663131303630363338366362333738313465373561
65336632323566636430653763613664316262373133643762363632666230313662396637663530
39613138653033353462363630303465343461373961376434393232356365356662643933316337
38383864326238366663333763316565623230393434313431306331333338663436626566346466
66613837616638366366373035343733326137623231613637386530363834666635373735626264
34386663316537333834666661613532643433393832353865363036636334623037646331653562
63353838653366663337613132376538636631336333356532636330616436383164656437336165
63383330326330633735636264376630356439333534383633633433613039353330303365653434
32313337353338393939336366316364383739646637323066306331363838393765393834353966
34356234613561373837366139643534333031306366353363346465323238326237643138333432
62623330326535393563343839383064636430363338323364396362626535323362646461326666
38653765653364636534363339373032323034376137656537366537613132346339663032363038
63316334653830353039623362396261353935363937383863313934396465396633353531396136
38363365363265623166316633346137333732616263336430626237373830633030656135366339
30313130343466366365393033386435613466313434633931643132666166323730616533373138
66366234316431616232313134353162663963383965353231323430356631393265373465616632
32306335396439373935613766636237366564316565663166306266323636656432393232653333
36646636316439663339373734343465383761316631633439373466343463373133616464346563
31356263353761656566613262306661646439363230666263653431306139653663646538333430
30633138383962653930346532323035613038373066663831663439343333383165
